    3.8410
    3.5955
    3.3764
    3.4036
    3.4332
    3.5915
    3.9494
    4.0507
    4.1540
    4.5631
    4.1650
    3.2767
    3.1517
    3.2652
    3.2063
    3.7787
    4.5419
    4.4080
    4.1506
    4.0424
    4.1150
    4.5822
    4.5274
    3.7451
    3.3487
    3.5305
    3.4499
    2.8464
    2.8877
    3.9305
    5.0106
    6.3465
    7.9781
    7.1275
    5.5223
    4.5310
    3.9635
    6.0181
   12.0980
   11.7152
    8.7424
    3.9658
    3.7127
    3.4868
    3.5177
    3.5506
    3.7180
    4.0945
    4.2017
    4.3109
    4.7416
    4.3236
    3.3917
    3.2610
    3.3800
    3.3184
    3.9187
    4.7207
    4.5795
    4.3086
    4.1948
    4.2711
    4.7624
    4.7048
    3.8826
    3.4666
    3.6567
    3.5714
    2.9386
    2.9805
    4.0702
    5.2008
    6.6013
    8.3146
    7.4105
    5.7177
    4.6751
    4.0785
    6.2184
   12.5969
   12.1821
    9.0503
    4.3673
    4.0954
    3.8514
    3.8928
    3.9351
    4.1268
    4.5529
    4.6754
    4.7997
    5.2863
    4.8157
    3.7673
    3.6208
    3.7547
    3.6852
    4.3598
    5.2626
    5.1022
    4.7960
    4.6673
    4.7533
    5.3076
    5.2433
    4.3172
    3.8490
    4.0613
    3.9632
    3.2508
    3.2941
    4.5088
    5.7680
    7.3266
    9.2311
    8.1944
    6.2857
    5.1128
    4.4408
    6.7867
   13.8286
   13.3358
    9.8507
    4.9446
    4.6474
    4.3787
    4.4354
    4.4905
    4.7158
    5.2106
    5.3526
    5.4958
    6.0586
    5.5124
    4.2994
    4.1295
    4.2830
    4.2015
    4.9783
    6.0194
    5.8311
    5.4754
    5.3261
    5.4261
    6.0685
    5.9965
    4.9279
    4.3880
    4.6319
    4.5164
    3.6929
    3.7378
    5.1255
    6.5601
    8.3318
   10.4905
    9.2658
    7.0589
    5.7063
    4.9297
    7.5434
   15.4448
   14.8426
   10.8965
    5.5638
    5.2405
    4.9454
    5.0182
    5.0856
    5.3447
    5.9094
    6.0676
    6.2261
    6.8650
    6.2346
    4.8459
    4.6493
    4.8209
    4.7249
    5.6049
    6.7863
    6.5672
    6.1595
    5.9894
    6.1051
    6.8412
    6.7649
    5.5517
    4.9400
    5.2191
    5.0868
    4.1476
    4.1941
    5.7618
    7.3772
    9.3655
   11.7793
   10.3480
    7.8267
    6.2856
    5.3994
    8.2698
   17.0086
   16.2895
   11.8891
    6.1222
    5.7755
    5.4558
    5.5419
    5.6178
    5.9029
    6.5250
    6.6902
    6.8548
    7.5538
    6.8432
    5.2981
    5.0755
    5.2596
    5.1486
    6.1125
    7.4090
    7.1617
    6.7095
    6.5228
    6.6548
    7.4752
    7.4018
    6.0705
    5.4017
    5.7153
    5.5715
    4.5329
    4.5816
    6.3074
    8.0800
   10.2537
   12.8812
   11.2543
    8.4507
    6.7425
    5.7593
    8.8288
   18.2407
   17.4161
   12.6454
    6.5787
    6.2123
    5.8709
    5.9662
    6.0450
    6.3458
    7.0070
    7.1688
    7.3291
    8.0668
    7.2869
    5.6179
    5.3723
    5.5626
    5.4378
    6.4601
    7.8378
    7.5675
    7.0826
    6.8859
    7.0345
    7.9253
    7.8636
    6.4503
    5.7441
    6.0909
    5.9430
    4.8279
    4.8802
    6.7353
    8.6348
   10.9548
   13.7458
   11.9446
    8.9049
    7.0589
    5.9962
    9.2003
   19.0949
   18.1823
   13.1406
    6.9307
    6.5482
    6.1882
    6.2884
    6.3652
    6.6717
    7.3545
    7.5038
    7.6511
    8.4079
    7.5714
    5.8122
    5.5478
    5.7394
    5.6029
    6.6602
    8.0880
    7.8006
    7.2946
    7.0945
    7.2603
    8.2085
    8.1669
    6.7053
    5.9802
    6.3595
    6.2146
    5.0443
    5.1023
    7.0619
    9.0629
   11.4960
   14.4081
   12.4528
    9.2178
    7.2601
    6.1334
    9.4187
   19.6358
   18.6511
   13.4232
    7.2150
    6.8186
    6.4422
    6.5445
    6.6161
    6.9218
    7.6146
    7.7454
    7.8745
    8.6381
    7.7542
    5.9275
    5.6480
    5.8382
    5.6918
    6.7700
    8.2286
    7.9279
    7.4083
    7.2090
    7.3928
    8.3913
    8.3762
    6.8877
    6.1559
    6.5685
    6.4321
    5.2192
    5.2848
    7.3372
    9.4273
   11.9567
   14.9669
   12.8656
    9.4555
    7.3992
    6.2164
    9.5526
   20.0000
   18.9517
   13.5859
    7.5427
    7.1313
    6.7371
    6.8431
    6.9098
    7.2159
    7.9218
    8.0334
    8.1441
    8.9191
    7.9829
    6.0785
    5.7828
    5.9737
    5.8170
    6.9230
    8.4212
    8.1047
    7.5679
    7.3687
    7.5733
    8.6317
    8.6468
    7.1237
    6.3823
    6.8347
    6.7081
    5.4428
    5.5178
    7.6843
    9.8840
   12.5315
   15.6620
   13.3864
    9.7655
    7.5902
    6.3398
    9.7444
   20.4785
   19.3541
   13.8188
    8.0774
    7.6447
    7.2262
    7.3432
    7.4103
    7.7280
    8.4698
    8.5663
    8.6628
    9.4750
    8.4594
    6.4190
    6.0994
    6.2982
    6.1265
    7.2951
    8.8796
    8.5350
    7.9621
    7.7556
    7.9872
    9.1400
    9.1881
    7.5840
    6.8107
    7.3187
    7.1985
    5.8396
    5.9260
    8.2751
   10.6508
   13.4916
   16.8253
   14.2904
   10.3420
    7.9793
    6.6220
   10.1723
   21.4399
   20.1971
   14.3560
    8.9025
    8.4407
    7.9893
    8.1281
    8.2025
    8.5472
    9.3563
    9.4418
    9.5286
   10.4127
    9.2773
    7.0182
    6.6625
    6.8775
    6.6827
    7.9598
    9.6910
    9.2989
    8.6622
    8.4367
    8.7023
    9.9938
   10.0775
    8.3310
    7.4963
    8.0798
    7.9605
    6.4541
    6.5532
    9.1706
   11.8038
   14.9290
   18.5640
   15.6579
   11.2346
    8.5992
    7.0860
   10.8703
   22.9579
   21.5439
   15.2373
    9.8429
    9.3501
    8.8632
    9.0290
    9.1127
    9.4883
   10.3734
   10.4445
   10.5184
   11.4834
   10.2098
    7.6999
    7.3016
    7.5325
    7.3080
    8.7015
   10.5881
   10.1340
    9.4185
    9.1646
    9.4605
   10.8952
   11.0135
    9.1138
    8.2124
    8.8733
    8.7530
    7.0900
    7.2002
   10.0937
   12.9879
   16.3952
   20.3211
   17.0177
   12.1044
    9.1906
    7.5196
   11.5180
   24.3707
   22.7838
   16.0383
   10.4458
    9.9324
    9.4210
    9.6016
    9.6838
   10.0665
   10.9823
   11.0233
   11.0693
   12.0639
   10.6961
    8.0367
    7.6066
    7.8356
    7.5830
    9.0157
   10.9509
   10.4419
    9.6707
    9.3905
    9.6912
   11.1818
   11.3223
    9.3728
    8.4533
    9.1515
    9.0354
    7.3111
    7.4259
   10.4286
   13.4166
   16.9080
   20.8958
   17.3836
   12.2661
    9.2463
    7.5184
   11.5085
   24.4168
   22.7682
   15.9742
   10.3768
    9.8606
    9.3452
    9.5156
    9.5774
    9.9264
   10.7923
   10.7856
   10.7865
   11.7221
   10.3533
    7.7425
    7.3066
    7.5067
    7.2378
    8.5807
   10.3890
    9.8550
    9.0830
    8.7901
    9.0588
   10.4611
   10.6016
    8.7740
    7.9160
    8.5832
    8.4801
    6.8549
    6.9650
    9.8015
   12.6135
   15.8790
   19.5819
   16.1997
   11.3535
    8.5083
    6.8858
   10.5484
   22.4736
   20.9405
   14.6729
    9.8704
    9.3642
    8.8594
    9.0049
    9.0374
    9.3313
   10.1020
   10.0439
    9.9963
   10.8243
    9.5175
    7.0795
    6.6563
    6.8146
    6.5398
    7.7224
    9.3081
    8.7733
    8.0369
    7.7425
    7.9592
    9.1901
    9.3138
    7.7010
    6.9465
    7.5397
    7.4518
    6.0171
    6.1160
    8.6254
   11.1060
   13.9718
   17.2014
   14.1613
    9.8668
    7.3584
    5.9336
    9.1058
   19.5005
   18.1798
   12.7406
    9.5100
    9.0110
    8.5142
    8.6424
    8.6522
    8.9030
    9.6000
    9.4986
    9.4107
   10.1559
    8.8921
    6.5805
    6.1644
    6.2880
    6.0045
    7.0582
    8.4635
    7.9202
    7.2052
    6.9038
    7.0734
    8.1593
    8.2631
    6.8212
    6.1473
    6.6747
    6.5952
    5.3173
    5.4047
    7.6356
    9.8340
   12.3598
   15.1881
   12.4422
    8.6184
    6.3963
    5.1391
    7.8991
   16.9988
   15.8545
   11.1125
    9.6384
    9.1332
    8.6300
    8.7597
    8.7594
    8.9931
    9.6695
    9.5313
    9.4099
   10.1307
    8.8410
    6.5149
    6.0848
    6.1871
    5.8805
    6.8813
    8.2070
    7.6229
    6.8840
    6.5573
    6.6924
    7.7081
    7.7961
    6.4220
    5.7789
    6.2728
    6.1928
    4.9826
    5.0615
    7.1590
    9.2168
   11.5658
   14.1764
   11.5494
    7.9487
    5.8671
    4.6934
    7.2183
   15.5908
   14.5319
   10.1759
   10.0550
    9.5359
    9.0187
    9.1620
    9.1588
    9.3901
   10.0757
    9.9025
    9.7501
   10.4803
    9.1238
    6.7005
    6.2437
    6.3318
    5.9921
    6.9814
    8.2819
    7.6348
    6.8436
    6.4796
    6.5864
    7.5732
    7.6487
    6.2865
    5.6477
    6.1271
    6.0428
    4.8514
    4.9250
    6.9728
    8.9726
   11.2398
   13.7394
   11.1305
    7.6105
    5.5858
    4.4477
    6.8405
   14.8173
   13.7926
    9.6422
   10.1077
    9.5861
    9.0682
    9.2150
    9.2046
    9.4201
   10.0837
    9.8789
    9.6996
   10.4090
    9.0405
    6.6181
    6.1537
    6.2247
    5.8660
    6.8048
    8.0287
    7.3460
    6.5362
    6.1519
    6.2294
    7.1522
    7.2158
    5.9202
    5.3124
    5.7632
    5.6813
    4.5549
    4.6246
    6.5591
    8.4434
   10.5682
   12.8954
   10.3991
    7.0720
    5.1669
    4.0993
    6.3096
   13.7150
   12.7591
    8.9116
    9.3473
    8.8476
    8.3570
    8.4812
    8.4530
    8.6241
    9.1987
    8.9744
    8.7795
    9.4002
    8.1417
    5.9397
    5.5098
    5.5585
    5.2157
    6.0237
    7.0683
    6.4195
    5.6709
    5.3077
    5.3565
    6.1447
    6.1975
    5.0804
    4.5579
    4.9496
    4.8829
    3.9147
    3.9808
    5.6644
    7.3059
    9.1522
   11.1669
    8.9811
    6.0867
    4.4355
    3.5131
    5.4209
   11.8427
   11.0300
    7.7105
    8.1570
    7.6956
    7.2494
    7.3400
    7.2928
    7.4113
    7.8712
    7.6430
    7.4470
    7.9532
    6.8691
    4.9946
    4.6229
    4.6521
    4.3477
    5.0002
    5.8372
    5.2644
    4.6196
    4.3022
    4.3304
    4.9674
    5.0133
    4.1103
    3.6909
    4.0162
    3.9694
    3.1863
    3.2494
    4.6445
    6.0103
    7.5457
    9.2189
    7.4055
    5.0093
    3.6463
    2.8872
    4.4713
    9.8270
    9.1731
    6.4248
    7.2997
    6.8688
    6.4581
    6.5285
    6.4712
    6.5557
    6.9379
    6.7105
    6.5178
    6.9494
    5.9914
    4.3467
    4.0187
    4.0381
    3.7625
    4.3130
    5.0131
    4.4937
    3.9206
    3.6365
    3.6539
    4.1949
    4.2400
    3.4799
    3.1298
    3.4146
    3.3830
    2.7205
    2.7836
    3.9980
    5.1920
    6.5340
    7.9941
    6.4147
    4.3309
    3.1487
    2.4918
    3.8705
    8.5498
    7.9917
    5.6028
    7.1792
    6.7538
    6.3524
    6.4259
    6.3682
    6.4440
    6.8088
    6.5722
    6.3752
    6.7984
    5.8613
    4.2507
    3.9320
    3.9515
    3.6762
    4.2058
    4.8735
    4.3472
    3.7751
    3.4909
    3.5049
    4.0304
    4.0827
    3.3562
    3.0245
    3.3089
    3.2861
    2.6470
    2.7165
    3.9183
    5.1032
    6.4319
    7.8721
    6.3029
    4.2422
    3.0760
    2.4287
    3.7759
    8.3627
    7.8083
    5.4652
    7.7197
    7.2767
    6.8615
    6.9595
    6.9087
    6.9955
    7.3919
    7.1321
    6.9199
    7.3916
    6.3827
    4.6341
    4.2951
    4.3227
    4.0206
    4.5960
    5.3147
    4.7224
    4.0860
    3.7704
    3.7856
    4.3634
    4.4325
    3.6515
    3.2979
    3.6179
    3.6011
    2.9050
    2.9889
    4.3268
    5.6468
    7.1211
    8.7092
    6.9499
    4.6573
    3.3631
    2.6451
    4.1077
    9.1004
    8.4686
    5.9037
    8.4726
    8.0062
    7.5721
    7.7039
    7.6632
    7.7665
    8.2084
    7.9181
    7.6860
    8.2254
    7.1161
    5.1748
    4.8077
    4.8476
    4.5098
    5.1533
    5.9496
    5.2690
    4.5450
    4.1876
    4.2074
    4.8638
    4.9575
    4.0948
    3.7080
    4.0799
    4.0708
    3.2891
    3.3929
    4.9288
    6.4450
    8.1309
    9.9347
    7.9001
    5.2702
    3.7893
    2.9679
    4.6012
   10.1892
    9.4445
    6.5541
    8.9315
    8.4524
    8.0102
    8.1662
    8.1309
    8.2387
    8.6998
    8.3811
    8.1310
    8.7102
    7.5443
    5.4917
    5.1117
    5.1617
    4.8018
    5.4837
    6.3204
    5.5795
    4.7992
    4.4168
    4.4425
    5.1531
    5.2729
    4.3693
    3.9688
    4.3817
    4.3842
    3.5497
    3.6727
    5.3559
    7.0200
    8.8638
   10.8254
    8.5843
    5.7054
    4.0879
    3.1911
    4.9424
   10.9474
   10.1167
    6.9960
    9.1001
    8.6176
    8.1758
    8.3440
    8.3072
    8.4065
    8.8589
    8.5141
    8.2470
    8.8343
    7.6545
    5.5740
    5.1948
    5.2507
    4.8827
    5.5711
    6.4092
    5.6399
    4.8382
    4.4487
    4.4810
    5.2173
    5.3616
    4.4587
    4.0639
    4.5027
    4.5187
    3.6668
    3.8060
    5.5723
    7.3219
    9.2549
   11.3010
    8.9403
    5.9234
    4.2321
    3.2948
    5.1010
   11.3071
   10.4263
    7.1920
    9.5026
    9.0097
    8.5612
    8.7493
    8.7115
    8.8042
    9.2585
    8.8755
    8.5820
    9.1915
    7.9661
    5.8030
    5.4151
    5.4788
    5.0932
    5.8067
    6.6688
    5.8512
    5.0077
    4.6021
    4.6438
    5.4285
    5.6038
    4.6775
    4.2776
    4.7552
    4.7844
    3.8897
    4.0479
    5.9458
    7.8267
    9.8959
   12.0726
    9.5223
    6.2857
    4.4757
    3.4733
    5.3714
   11.9061
   10.9490
    7.5307
   10.5613
   10.0406
    9.5685
    9.8031
    9.7710
    9.8700
   10.3635
    9.9149
    9.5746
   10.2568
    8.8956
    6.4857
    6.0625
    6.1424
    5.7111
    6.5089
    7.4657
    6.5347
    5.5826
    5.1302
    5.1881
    6.0910
    6.3170
    5.2926
    4.8552
    5.4123
    5.4560
    4.4404
    4.6284
    6.8123
    8.9719
   11.3321
   13.7926
   10.8322
    7.1148
    5.0422
    3.8952
    6.0076
   13.2940
   12.1752
    8.3389
   12.0400
   11.4843
   10.9813
   11.2826
   11.2597
   11.3689
   11.9191
   11.3797
   10.9744
   11.7580
   10.2050
    7.4478
    6.9747
    7.0780
    6.5840
    7.5034
    8.5987
    7.5123
    6.4098
    5.8935
    5.9763
    7.0496
    7.3480
    6.1808
    5.6879
    6.3566
    6.4177
    5.2261
    5.4527
    8.0353
   10.5791
   13.3367
   16.1803
   12.6431
    8.2573
    5.8203
    4.4728
    6.8744
   15.1729
   13.8307
    9.4286
   12.9138
   12.3401
   11.8217
   12.1618
   12.1336
   12.2272
   12.7798
   12.1590
   11.6945
   12.5161
   10.8602
    7.9277
    7.4329
    7.5515
    7.0258
    8.0055
    9.1664
    7.9957
    6.8171
    6.2751
    6.3850
    7.5724
    7.9379
    6.7080
    6.1956
    6.9442
    7.0240
    5.7252
    5.9809
    8.8262
   11.6194
   14.6250
   17.6937
   13.7645
    8.9458
    6.2773
    4.8036
    7.3640
   16.2276
   14.7425
   10.0191
   12.3577
   11.7970
   11.2918
   11.6010
   11.5410
   11.5784
   12.0360
   11.3863
   10.8999
   11.6318
   10.0746
    7.3467
    6.8891
    7.0012
    6.5117
    7.4161
    8.4841
    7.3910
    6.2999
    5.8095
    5.9361
    7.0842
    7.4752
    6.3525
    5.8940
    6.6309
    6.7250
    5.4915
    5.7489
    8.5031
   11.2041
   14.0953
   17.0265
   13.2069
    8.5564
    5.9884
    4.5724
    7.0057
   15.4459
   14.0205
    9.5255
   10.9496
   10.4229
    9.9502
   10.1908
   10.0920
   10.0633
   10.3883
    9.7580
    9.2857
    9.8694
    8.5254
    6.2068
    5.8183
    5.9132
    5.4978
    6.2592
    7.1567
    6.2302
    5.3132
    4.9128
    5.0458
    6.0651
    6.4483
    5.5156
    5.1451
    5.8138
    5.9156
    4.8425
    5.0830
    7.5389
    9.9481
   12.5170
   15.1074
   11.6951
    7.5615
    5.2845
    4.0313
    6.1808
   13.6508
   12.4003
    8.4374
    9.9162
    9.4174
    8.9714
    9.1642
    9.0385
    8.9621
    9.1910
    8.5763
    8.1166
    8.5967
    7.4108
    5.3906
    5.0552
    5.1421
    4.7835
    5.4491
    6.2332
    5.4285
    4.6371
    4.3040
    4.4478
    5.3895
    5.7778
    4.9774
    4.6696
    5.2999
    5.4100
    4.4384
    4.6694
    6.9403
    9.1657
   11.5262
   13.8899
   10.7246
    6.9157
    4.8233
    3.6737
    5.6314
   12.4468
   11.3068
    7.6999
    9.8600
    9.3641
    8.9217
    9.1090
    8.9657
    8.8572
    9.0408
    8.3954
    7.9158
    8.3685
    7.2114
    5.2496
    4.9328
    5.0294
    4.6882
    5.3512
    6.1321
    5.3499
    4.5834
    4.2752
    4.4496
    5.4391
    5.8823
    5.1048
    4.8160
    5.4881
    5.6159
    4.6136
    4.8590
    7.2274
    9.5377
   11.9674
   14.3738
   11.0500
    7.0939
    4.9280
    3.7399
    5.7184
   12.6168
   11.4342
    7.7746
   10.5650
   10.0524
    9.5961
    9.8097
    9.6520
    9.5154
    9.6818
    8.9607
    8.4295
    8.9072
    7.6833
    5.6052
    5.2840
    5.4066
    5.0562
    5.7889
    6.6525
    5.8203
    5.0060
    4.6965
    4.9264
    6.0777
    6.6325
    5.7987
    5.5002
    6.2896
    6.4473
    5.2994
    5.5815
    8.2974
   10.9271
   13.6612
   16.3301
   12.4818
    7.9663
    5.5040
    4.1553
    6.3258
   13.9041
   12.5475
    8.5026
   11.1990
   10.6731
   10.2066
   10.4451
   10.2723
   10.1050
   10.2484
    9.4532
    8.8724
    9.3706
    8.0917
    5.9167
    5.5964
    5.7474
    5.3932
    6.1948
    7.1408
    6.2672
    5.4134
    5.1098
    5.4034
    6.7289
    7.4105
    6.5274
    6.2243
    7.1404
    7.3302
    6.0265
    6.3454
    9.4242
   12.3815
   15.4202
   18.3423
   13.9402
    8.8467
    6.0802
    4.5675
    6.9234
   15.1599
   13.6263
    9.2054
   10.9899
   10.4716
   10.0141
   10.2424
   10.0529
    9.8536
    9.9475
    9.1336
    8.5428
    9.0079
    7.7792
    5.6963
    5.4012
    5.5628
    5.2342
    6.0277
    6.9654
    6.1302
    5.3162
    5.0476
    5.3798
    6.7611
    7.5128
    6.6664
    6.3897
    7.3529
    7.5589
    6.2166
    6.5449
    9.7139
   12.7379
   15.8143
   18.7358
   14.1755
    8.9580
    6.1340
    4.5927
    6.9427
   15.1686
   13.6062
    9.1831
   10.1644
    9.6692
    9.2348
    9.4283
    9.2247
    8.9995
    9.0342
    8.2488
    7.6812
    8.0785
    6.9707
    5.1071
    4.8501
    5.0048
    4.7178
    5.4422
    6.2992
    5.5552
    4.8335
    4.6135
    4.9528
    6.2776
    7.0341
    6.2843
    6.0515
    6.9815
    7.1843
    5.9093
    6.2200
    9.2253
   12.0771
   14.9538
   17.6578
   13.3136
    8.3880
    5.7303
    4.2825
    6.4652
   14.1132
   12.6546
    8.5481
    9.6522
    9.1733
    8.7557
    8.9290
    8.7143
    8.4669
    8.4562
    7.6818
    7.1243
    7.4750
    6.4455
    4.7251
    4.4935
    4.6443
    4.3841
    5.0629
    5.8659
    5.1802
    4.5189
    4.3323
    4.6802
    5.9764
    6.7452
    6.0606
    5.8563
    6.7651
    6.9603
    5.7197
    6.0128
    8.9031
   11.6266
   14.3483
   16.8784
   12.6784
    7.9627
    5.4267
    4.0477
    6.1007
   13.3006
   11.9187
    8.0563
   10.1317
    9.6438
    9.2215
    9.4149
    9.1860
    8.9075
    8.8682
    8.0293
    7.4282
    7.7854
    6.7157
    4.9303
    4.6976
    4.8642
    4.5983
    5.3148
    6.1609
    5.4451
    4.7586
    4.5779
    4.9709
    6.3863
    7.2494
    6.5406
    6.3314
    7.3102
    7.5062
    6.1519
    6.4479
    9.5146
   12.3743
   15.1970
   17.7826
   13.2903
    8.3103
    5.6424
    4.1943
    6.3006
   13.6924
   12.2395
    8.2627
   11.6944
   11.1748
   10.7294
   10.9919
   10.7448
   10.4198
   10.3607
    9.3660
    8.6565
    9.0743
    7.8385
    5.7675
    5.5081
    5.7148
    5.4096
    6.2554
    7.2507
    6.4086
    5.6058
    5.4057
    5.8925
    7.6052
    8.6694
    7.8419
    7.5917
    8.7459
    8.9474
    7.3020
    7.6185
   11.1862
   14.4683
   17.6598
   20.5312
   15.2515
    9.4853
    6.4091
    4.7426
    7.0897
   15.3307
   13.6471
    9.1845
   13.6903
   13.1384
   12.6726
   13.0333
   12.7710
   12.3924
   12.3127
   11.1180
   10.2693
   10.7681
    9.3148
    6.8682
    6.5719
    6.8278
    6.4669
    7.4746
    8.6540
    7.6414
    6.6827
    6.4515
    7.0506
    9.1295
   10.4371
    9.4535
    9.1423
   10.4971
   10.6897
    8.6811
    9.0115
   13.1604
   16.9259
   20.5345
   23.7255
   17.5263
   10.8479
    7.2991
    5.3795
    8.0049
   17.2250
   15.2722
   10.2475
   14.8356
   14.2728
   13.8072
   14.2346
   13.9637
   13.5423
   13.4305
   12.1015
   11.1594
   11.6923
   10.1176
    7.4674
    7.1500
    7.4285
    7.0303
    8.1102
    9.3658
    8.2506
    7.2047
    6.9549
    7.6113
    9.8768
   11.3136
   10.2541
    9.9013
   11.3278
   11.4832
    9.2836
    9.5946
   13.9497
   17.8632
   21.5755
   24.8210
   18.2740
   11.2839
    7.5791
    5.5772
    8.2798
   17.7664
   15.7243
   10.5424
   14.3573
   13.8098
   13.3660
   13.7827
   13.5091
   13.0714
   12.9190
   11.5991
   10.6637
   11.1485
    9.6371
    7.1100
    6.8025
    7.0571
    6.6640
    7.6616
    8.8126
    7.7356
    6.7372
    6.4963
    7.1129
    9.2426
   10.6020
    9.6132
    9.2684
   10.5685
   10.6719
    8.5982
    8.8594
   12.8452
   16.4113
   19.7816
   22.7206
   16.7220
   10.3342
    6.9518
    5.1243
    7.6127
   16.3353
   14.4750
    9.7252
   12.8427
   12.3278
   11.9187
   12.2761
   12.0088
   11.5822
   11.3990
   10.1909
    9.3346
    9.7311
    8.3975
    6.1889
    5.9118
    6.1187
    5.7600
    6.5937
    7.5474
    6.5961
    5.7257
    5.5112
    6.0335
    7.8469
    9.0113
    8.1742
    7.8708
    8.9491
    9.0084
    7.2415
    7.4493
   10.7881
   13.7783
   16.6107
   19.0940
   14.0857
    8.7364
    5.9019
    4.3692
    6.5104
   13.9984
   12.4444
    8.3943
   11.3483
   10.8691
   10.4968
   10.8009
   10.5486
   10.1460
    9.9491
    8.8625
    8.0929
    8.4166
    7.2539
    5.3423
    5.0958
    5.2619
    4.9377
    5.6271
    6.4080
    5.5749
    4.8221
    4.6322
    5.0696
    6.5977
    7.5845
    6.8834
    6.6209
    7.5093
    7.5401
    6.0527
    6.2226
    9.0113
   11.5206
   13.9123
   16.0306
   11.8739
    7.4037
    5.0306
    3.7451
    5.6021
   12.0756
   10.7740
    7.2973
   10.3937
    9.9423
    9.6020
    9.8828
    9.6498
    9.2699
    9.0709
    8.0635
    7.3515
    7.6374
    6.5819
    4.8493
    4.6227
    4.7655
    4.4601
    5.0618
    5.7364
    4.9692
    4.2838
    4.1074
    4.4940
    5.8523
    6.7351
    6.1168
    5.8788
    6.6534
    6.6673
    5.3483
    5.4993
    7.9700
   10.2089
   12.3610
   14.2915
   10.6396
    6.6754
    4.5650
    3.4188
    5.1328
   11.0846
    9.9174
    6.7366
    9.9411
    9.5085
    9.1953
    9.4800
    9.2687
    8.9073
    8.7123
    7.7417
    7.0581
    7.3354
    6.3298
    4.6710
    4.4544
    4.5880
    4.2856
    4.8462
    5.4677
    4.7181
    4.0552
    3.8819
    4.2469
    5.5349
    6.3780
    5.7983
    5.5706
    6.2938
    6.2980
    5.0524
    5.2000
    7.5478
    9.6953
   11.7814
   13.6798
   10.2452
    6.4730
    4.4573
    3.3587
    5.0591
   10.9362
    9.8016
    6.6678
    9.7485
    9.3301
    9.0422
    9.3468
    9.1606
    8.8175
    8.6315
    7.6768
    7.0075
    7.2937
    6.3082
    4.6667
    4.4553
    4.5874
    4.2789
    4.8229
    5.4190
    4.6596
    3.9941
    3.8183
    4.1778
    5.4501
    6.2901
    5.7265
    5.5022
    6.2096
    6.2096
    4.9863
    5.1418
    7.4821
    9.6481
   11.7793
   13.7513
   10.3722
    6.6057
    4.5837
    3.4768
    5.2541
   11.3634
   10.1956
    6.9396
    9.6501
    9.2444
    8.9824
    9.3144
    9.1571
    8.8351
    8.6631
    7.7186
    7.0601
    7.3644
    6.3882
    4.7404
    4.5324
    4.6668
    4.3477
    4.8853
    5.4673
    4.6854
    4.0062
    3.8253
    4.1865
    5.4675
    6.3214
    5.7654
    5.5429
    6.2524
    6.2529
    5.0306
    5.2025
    7.5970
    9.8452
   12.0906
   14.2077
   10.8061
    6.9451
    4.8609
    3.7139
    5.6321
   12.1853
   10.9426
    7.4483
    9.6634
    9.2689
    9.0332
    9.4014
    9.2768
    8.9779
    8.8238
    7.8814
    7.2283
    7.5602
    6.5804
    4.9001
    4.6931
    4.8328
    4.4973
    5.0379
    5.6156
    4.7967
    4.0914
    3.9021
    4.2716
    5.5847
    6.4689
    5.9120
    5.6892
    6.4167
    6.4213
    5.1797
    5.3763
    7.8840
   10.2769
   12.7064
   15.0433
   11.5485
    7.4971
    5.2966
    4.0784
    6.2074
   13.4320
   12.0698
    8.2123
    9.8892
    9.5027
    9.2945
    9.7147
    9.6276
    9.3523
    9.2200
    8.2612
    7.6015
    7.9755
    6.9680
    5.2082
    4.9973
    5.1468
    4.7842
    5.3422
    5.9305
    5.0488
    4.2957
    4.0918
    4.4798
    5.8620
    6.8019
    6.2291
    6.0005
    6.7680
    6.7789
    5.4846
    5.7156
    8.4201
   11.0443
   13.7542
   16.4138
   12.7252
    8.3483
    5.9554
    4.6224
    7.0597
   15.2721
   13.7266
    9.3309
   10.3086
    9.9285
    9.7502
   10.2389
   10.1959
    9.9461
    9.8396
    8.8479
    8.1705
    8.6008
    7.5433
    5.6596
    5.4398
    5.6021
    5.2005
    5.7871
    6.3964
    5.4264
    4.6046
    4.3793
    4.7937
    6.2764
    7.2933
    6.6919
    6.4522
    7.2772
    7.2957
    5.9213
    6.1961
    9.1703
   12.1051
   15.1874
   18.2722
   14.3101
    9.4900
    6.8371
    5.3497
    8.1971
   17.7206
   15.9269
   10.8130
   10.6470
   10.2755
   10.1291
   10.6838
   10.6874
   10.4669
   10.3884
    9.3723
    8.6830
    9.1663
    8.0665
    6.0722
    5.8429
    6.0132
    5.5717
    6.1755
    6.7926
    5.7401
    4.8560
    4.6099
    5.0432
    6.6040
    7.6827
    7.0612
    6.8139
    7.6842
    7.7109
    6.2787
    6.5979
    9.8109
   13.0355
   16.4799
   19.9950
   15.8254
   10.6140
    7.7263
    6.0969
    9.3752
   20.2574
   18.2138
   12.3558
   10.4878
   10.1307
   10.0121
   10.5942
   10.6335
   10.4438
   10.3877
    9.3926
    8.7207
    9.2219
    8.1340
    6.1368
    5.9054
    6.0672
    5.6062
    6.1838
    6.7639
    5.6905
    4.7974
    4.5438
    4.9662
    6.5016
    7.5700
    6.9685
    6.7297
    7.5886
    7.6232
    6.2292
    6.5751
    9.8252
   13.1442
   16.7520
   20.5081
   16.4157
   11.1443
    8.2041
    6.5357
   10.0949
   21.8224
   19.6538
   13.3416
    9.6890
    9.3523
    9.2514
    9.8045
    9.8585
    9.6953
    9.6494
    8.7320
    8.1132
    8.5818
    7.5762
    5.7216
    5.4992
    5.6339
    5.1864
    5.6883
    6.1831
    5.1763
    4.3470
    4.1066
    4.4826
    5.8652
    6.8335
    6.3002
    6.0893
    6.8664
    6.9062
    5.6646
    6.0073
    9.0225
   12.1568
   15.6251
   19.3103
   15.6435
   10.7591
    8.0180
    6.4555
   10.0268
   21.7119
   19.6194
   13.3528
    8.6377
    8.3238
    8.2336
    8.7303
    8.7849
    8.6420
    8.5980
    7.7792
    7.2262
    7.6377
    6.7424
    5.0925
    4.8847
    4.9865
    4.5706
    4.9822
    5.3798
    4.4810
    3.7483
    3.5314
    3.8494
    5.0332
    5.8672
    5.4174
    5.2401
    5.9082
    5.9493
    4.8979
    5.2175
    7.8738
   10.6819
   13.8423
   17.2662
   14.1560
    9.8645
    7.4433
    6.0586
    9.4664
   20.5425
   18.6417
   12.7355
    7.9317
    7.6360
    7.5568
    8.0197
    8.0785
    7.9516
    7.9100
    7.1568
    6.6471
    7.0204
    6.1975
    4.6818
    4.4819
    4.5593
    4.1619
    4.5098
    4.8391
    4.0119
    3.3439
    3.1429
    3.4216
    4.4706
    5.2136
    4.8205
    4.6651
    5.2571
    5.2970
    4.3740
    4.6760
    7.0820
    9.6610
   12.6052
   15.8469
   13.1314
    9.2593
    7.0651
    5.8071
    9.1165
   19.8039
   18.0354
   12.3627
    7.9715
    7.6833
    7.6218
    8.1100
    8.1912
    8.0790
    8.0467
    7.2898
    6.7774
    7.1600
    6.3268
    4.7851
    4.5757
    4.6427
    4.2246
    4.5548
    4.8611
    4.0151
    3.3375
    3.1313
    3.4063
    4.4480
    5.1893
    4.8036
    4.6492
    5.2328
    5.2705
    4.3600
    4.6701
    7.0844
    9.6968
   12.7082
   16.0615
   13.4175
    9.5490
    7.3488
    6.0839
    9.5709
   20.7591
   18.9309
   12.9945
    8.8791
    8.5891
    8.5598
    9.1502
    9.2837
    9.1912
    9.1805
    8.3404
    7.7730
    8.2244
    7.2835
    5.5220
    5.2809
    5.3506
    4.8593
    5.2193
    5.5471
    4.5702
    3.7928
    3.5555
    3.8669
    5.0483
    5.8925
    5.4604
    5.2834
    5.9350
    5.9694
    4.9403
    5.2927
    8.0238
   10.9922
   14.4311
   18.2833
   15.3530
   10.9954
    8.5091
    7.0740
   11.1179
   24.0057
   21.8650
   14.9944
   10.4831
   10.1916
   10.2157
   10.9819
   11.2028
   11.1427
   11.1704
   10.1847
    9.5217
   10.0968
    8.9679
    6.8208
    6.5287
    6.6114
    5.9988
    6.4256
    6.8082
    5.6017
    4.6465
    4.3562
    4.7403
    6.1899
    7.2307
    6.7084
    6.4883
    7.2713
    7.2982
    6.0369
    6.4596
    9.7693
   13.3681
   17.5421
   22.2265
   18.7173
   13.4579
   10.4486
    8.7035
   13.6357
   29.2490
   26.5661
   18.1783
   12.2683
   11.9836
   12.0766
   13.0490
   13.3771
   13.3606
   13.4365
   12.2900
   11.5219
   12.2407
   10.9018
    8.3182
    7.9698
    8.0687
    7.3180
    7.8221
    8.2691
    6.8012
    5.6440
    5.2966
    5.7708
    7.5413
    8.8202
    8.1958
    7.9254
    8.8604
    8.8726
    7.3320
    7.8298
   11.8001
   16.1082
   21.0985
   26.6961
   22.5149
   16.2321
   12.6287
   10.5300
   16.4309
   34.9920
   31.6918
   21.6462
   13.6395
   13.3683
   13.5257
   14.6684
   15.0898
   15.1132
   15.2281
   13.9569
   13.1071
   13.9372
   12.4370
    9.5147
    9.1218
    9.2313
    8.3699
    8.9307
    9.4246
    7.7543
    6.4431
    6.0569
    6.6119
    8.6518
   10.1362
    9.4377
    9.1275
   10.1816
   10.1724
    8.3968
    8.9452
   13.4245
   18.2667
   23.8607
   30.1235
   25.4251
   18.3690
   14.3150
   11.9461
   18.5659
   39.2675
   35.4967
   24.2357
   14.3957
   14.1385
   14.3412
   15.5865
   16.0670
   16.1143
   16.2463
   14.9026
   14.0036
   14.8884
   13.3007
   10.1964
    9.7770
    9.8884
    8.9638
    9.5499
   10.0649
    8.2893
    6.9011
    6.5029
    7.1164
    9.3280
   10.9509
   10.2204
    9.8884
   11.0068
   10.9711
    9.0443
    9.6072
   14.3468
   19.4424
   25.3047
   31.8464
   26.8801
   19.4501
   15.1766
   12.6739
   19.6189
   41.2248
   37.2328
   25.4491
   14.6752
   14.4294
   14.6581
   15.9476
   16.4543
   16.5080
   16.6362
   15.2586
   14.3343
   15.2255
   13.6084
   10.4490
   10.0177
   10.1244
    9.1768
    9.7646
   10.2820
    8.4814
    7.0791
    6.6900
    7.3422
    9.6429
   11.3459
   10.6157
   10.2754
   11.4118
   11.3452
    9.3367
    9.8824
   14.6706
   19.7795
   25.6215
   32.1075
   27.0745
   19.6043
   15.3057
   12.7850
   19.7070
   41.1418
   37.1490
   25.4484
   14.4948
   14.2560
   14.4896
   15.7641
   16.2627
   16.3042
   16.4078
   15.0339
   14.1075
   14.9582
   13.3670
   10.2751
    9.8459
    9.9415
    9.0103
    9.5767
   10.0781
    8.3297
    6.9731
    6.6113
    7.2781
    9.5781
   11.2948
   10.5944
   10.2584
   11.3647
   11.2653
    9.2507
    9.7493
   14.3736
   19.2594
   24.8020
   30.9137
   26.0179
   18.8369
   14.7055
   12.2816
   18.8462
   39.0916
   35.3120
   24.2704
   13.7237
   13.4866
   13.6980
   14.8835
   15.3325
   15.3419
   15.3996
   14.0806
   13.1844
   13.9409
   12.4451
    9.5707
    9.1610
    9.2376
    8.3699
    8.8856
    9.3456
    7.7412
    6.5011
    6.1844
    6.8292
    9.0046
   10.6410
   10.0052
    9.6900
   10.7061
   10.5784
    8.6645
    9.0872
   13.2951
   17.6897
   22.6284
   28.0305
   23.5311
   17.0262
   13.2868
   11.0941
   16.9491
   34.9428
   31.6071
   21.8264
   12.5772
   12.3391
   12.5115
   13.5623
   13.9370
   13.9046
   13.9076
   12.6784
   11.8358
   12.4699
   11.1123
    8.5446
    8.1659
    8.2201
    7.4445
    7.8929
    8.2968
    6.8880
    5.8034
    5.5393
    6.1349
    8.1025
    9.5926
    9.0392
    8.7545
    9.6437
    9.4951
    7.7546
    8.0889
   11.7354
   15.4933
   19.6711
   24.1985
   20.2503
   14.6369
   11.4141
    9.5272
   14.4912
   29.7011
   26.9231
   18.7010
   11.7828
   11.5456
   11.6911
   12.6456
   12.9650
   12.8987
   12.8574
   11.6876
   10.8789
   11.4209
   10.1603
    7.8125
    7.4551
    7.4929
    6.7842
    7.1850
    7.5501
    6.2839
    5.3123
    5.0874
    5.6499
    7.4714
    8.8578
    8.3615
    8.0943
    8.8850
    8.7118
    7.0892
    7.3481
   10.5593
   13.8154
   17.3876
   21.2134
   17.6747
   12.7468
    9.9219
    8.2703
   12.5117
   25.4715
   23.1274
   16.1555
   12.1382
   11.9065
   12.0648
   13.0460
   13.3681
   13.2847
   13.2179
   11.9989
   11.1513
   11.6792
   10.3845
    7.9935
    7.6239
    7.6573
    6.9371
    7.3442
    7.7193
    6.4441
    5.4680
    5.2542
    5.8497
    7.7417
    9.1854
    8.6802
    8.3925
    9.1716
    8.9466
    7.2456
    7.4522
   10.5891
   13.7045
   17.0635
   20.6031
   17.0547
   12.2455
    9.4928
    7.8839
   11.8342
   23.8724
   21.6649
   15.1886
   14.1197
   13.9056
   14.1385
   15.3223
   15.7297
   15.6498
   15.5765
   14.1501
   13.1553
   13.7693
   12.2560
    9.4585
    9.0283
    9.0725
    8.2330
    8.7208
    9.1753
    7.6873
    6.5493
    6.3147
    7.0463
    9.3279
   11.0688
   10.4642
   10.0970
   10.9756
   10.6403
    8.5667
    8.7306
   12.2460
   15.6484
   19.2365
   22.9369
   18.8212
   13.4228
   10.3371
    8.5316
   12.6712
   25.2534
   22.8435
   16.0284
   17.4462
   17.2753
   17.6478
   19.1913
   19.7615
   19.7074
   19.6448
   17.8787
   16.6451
   17.4271
   15.5417
   12.0354
   11.5053
   11.5748
   10.5276
   11.1625
   11.7602
    9.8915
    8.4625
    8.1865
    9.1528
   12.1142
   14.3700
   13.5849
   13.0768
   14.1337
   13.6129
   10.8916
   10.9933
   15.2110
   19.1771
   23.2559
   27.3588
   22.2340
   15.7346
   12.0249
    9.8513
   14.4566
   28.4228
   25.5924
   17.9481
   20.3629
   20.2449
   20.7507
   22.6132
   23.3281
   23.2944
   23.2338
   21.1671
   19.7197
   20.6369
   18.4283
   14.3118
   13.6948
   13.7865
   12.5628
   13.3289
   14.0568
   11.8663
   10.1914
    9.8885
   11.0732
   14.6476
   17.3653
   16.4173
   15.7702
   16.9562
   16.2371
   12.9221
   12.9297
   17.6652
   21.9967
   26.3454
   30.6164
   24.6755
   17.3520
   13.1778
   10.7308
   15.5791
   30.2519
   27.1522
   19.0597
   20.5576
   20.4483
   20.9576
   22.8134
   23.5078
   23.4406
   23.3355
   21.2342
   19.7544
   20.6238
   18.4082
   14.3149
   13.6910
   13.7737
   12.5606
   13.3213
   14.0508
   11.8960
   10.2503
    9.9700
   11.1771
   14.7723
   17.5036
   16.5559
   15.8831
   17.0090
   16.2190
   12.8637
   12.7868
   17.2891
   21.3163
   25.2832
   29.1081
   23.3380
   16.3603
   12.3874
   10.0600
   14.4961
   27.8917
   25.0400
   17.6553
   18.0464
   17.8979
   18.2829
   19.8189
   20.3420
   20.2039
   20.0295
   18.1667
   16.8449
   17.5131
   15.5993
   12.1291
   11.5790
   11.6270
   10.5996
   11.2261
   11.8321
   10.0398
    8.6738
    8.4524
    9.4820
   12.5174
   14.8239
   14.0345
   13.4590
   14.3737
   13.6715
   10.8287
   10.7179
   14.3772
   17.5992
   20.7327
   23.7200
   18.9815
   13.3099
   10.0817
    8.1933
   11.7565
   22.4852
   20.2588
   14.3954
   14.9930
   14.8063
   15.0559
   16.2343
   16.5814
   16.3912
   16.1718
   14.6129
   13.4991
   13.9699
   12.4128
    9.6470
    9.1890
    9.2062
    8.3870
    8.8671
    9.3352
    7.9358
    6.8714
    6.7057
    7.5241
    9.9174
   11.7369
   11.1246
   10.6702
   11.3741
   10.8042
    8.5590
    8.4490
   11.2635
   13.7150
   16.0794
   18.3188
   14.6625
   10.3061
    7.8252
    6.3759
    9.1247
   17.3709
   15.7285
   11.2770
   12.8992
   12.6955
   12.8619
   13.8074
   14.0476
   13.8356
   13.6001
   12.2569
   11.2925
   11.6437
   10.3297
    8.0308
    7.6374
    7.6383
    6.9568
    7.3438
    7.7234
    6.5778
    5.7076
    5.5761
    6.2553
    8.2283
    9.7281
    9.2304
    8.8563
    9.4265
    8.9480
    7.0957
    6.9922
    9.2719
   11.2408
   13.1278
   14.9064
   11.9442
    8.4215
    6.4126
    5.2396
    7.4771
   14.1603
   12.8758
    9.3053
   11.9000
   11.6928
   11.8224
   12.6570
   12.8491
   12.6314
   12.3928
   11.1594
   10.2711
   10.5676
    9.3734
    7.2990
    6.9376
    6.9319
    6.3161
    6.6603
    6.9992
    5.9728
    5.1930
    5.0776
    5.6922
    7.4686
    8.8172
    8.3732
    8.0366
    8.5432
    8.1075
    6.4396
    6.3386
    8.3654
   10.1040
   11.7616
   13.3174
   10.6869
    7.5600
    5.7728
    4.7281
    6.7221
   12.6475
   11.5314
    8.3843
   11.5973
   11.3921
   11.5110
   12.3069
   12.4845
   12.2682
   12.0318
   10.8416
    9.9829
   10.2622
    9.1116
    7.1139
    6.7637
    6.7565
    6.1622
    6.4930
    6.8191
    5.8307
    5.0788
    4.9682
    5.5632
    7.2768
    8.5748
    8.1487
    7.8245
    8.3098
    7.8884
    6.2806
    6.1803
    8.1246
    9.7851
   11.3630
   12.8398
   10.3267
    7.3335
    5.6170
    4.6112
    6.5283
   12.1910
   11.1324
    8.1308
